171
167
162.3
178.4
173.1
172.2
175.5
174.3
164.3
180.3
178.7
169.8
175.2
169.8
174.7
179.9
173.4
168.5
171.5
175.7
167.1
180.9
174.3
178.6
179.4
176.1
171
181
178.8
167.2
170.4
178.1
171.6
183.8
165
173.8
182.2
168.4
177.7
180.1
171
174
177
179
173
174
168.1
187
171
179.2
174
166
167.4
172
169
182
168.3
171
177.4
174
168
178
176
172.2
172
177
178.2
177
167
180.7
175.8
171.8
182.9
178.7
165.5
165.2
177.7
178.5
168.6
166.1
174.9
168.4
161
166.5
176.1
157.5
167.4
169
176.7
187.1
168.8
174.5
172.5
173.4
171.1
160.5
175
172.2
170
173.1
173.2
180
182
177
163.4
159.6
171.2
168
175.7
180.7
174.2
175.3
175.3
175
176.6
179.9
171.1
167.3
167.1
184.1
181
165.4
172.8
189.2
175.7
169.2
177.1
180.4
172
169
175
178.8
174.4
177.1
180.1
175.1
177.4
164.2
182.9
175
178.8
168.7
169.5
172
173.3
174.9
175.4
169.1
166.2
170.8
174.3
180.7
174.2
166.8
171.1
173.1
173
166
163.5
165.5
176.5
168.8
169.6
173.9
172
163.4
169.3
168.1
173.3
170.8
172.8
168.8
179.1
168
166.7
179.1
171.8
165.7
171.4
172.9
168.6
169
173
175
182
175
167
175
176
167
178
172
173.6
168
166
168
176
172
178
182
176
175
177
173
172
183
168
167
172
171
170
175
164
171
174
184
178
167
178
175
170
182
169
170.4
176.4
172.1
176
170
170
170
173.2
175
136
166.2
171
175
167
166
171.2
172
158
173.2
186.4
162.9
183.3
191.1
170
178.9
168.7
163.5
182.5
171.2
164.8
168.3
160.2
173.8
175.1
170.4
177.5
175.6
169.3
175.6
167.6
169.8
171
174.8
182.1
167.1
176.8
169.7
180
163.7
171.9
180.6
171.9
180.6
166.5
169.5
180
179.6
184.9
174.8
183.5
175.2
169.4
169.6
169.8
178.8
171.3
172.1
172.3
169.1
167.6
173.6
173.6
170.3
168.4
170.4
164.9
169.9
171.7
175.1
168.9
171.3
167.5
169.8
170.9
177
169.2
175.9
178.7
169.3
171.1
184
171.2
172.7
169.1
177.6
163.5
170.7
171.5
167.7
171.3
167
174.6
166.2
173.3
175.2
175.2
173.6
179.3
170.9
172.8
171.8
173.4
169.8
164.5
171.5
176
172.3
163.8
177.7
166.6
169.7
169.3
169.9
182.9
169
171
175.8
174.7
158.2
172.4
175.2
174.5
168.2
184.7
170
169.8
172.6
171
174.9
173.2
172.6
179.2
162.1
171.2
172.2
174
173.1
161.1
172.9
171.5
164.5
171.7
172.9
169.6
171
172.2
175.2
180
162.9
173.7
172.5
171.8
172
174.2
169
176.6
175.1
172.5
174
178.1
163.4
178.7
168
165
167.4
170.7
167.6
176.7
180.2
160.9
177.6
173
169.6
178
160.5
169.1
173.7
178.6
166.3
171.2
177
176.8
169
169
175.1
175
165.3
179
165.1
172
176
177
178.3
168
176.3
176.3
184
174
178
173
172
178
174.3
177
176
181
177
172.3
175.3
177
170.2
173.5
171.3
170.2
175.1
173.5
173.4
177.6
181.5
169
186
176.9
176.3
162.2
183.6
176.4
172.1
168.3
172.6
170
177.8
163.8
168
181
163.7
176.4
159
173
176
173.6
165
182.5
172.5
168.7
167.8
165.1
174.1
166.4
176
166.6
172.2
170.7
168.9
178.2
161.6
170.8
164.5
180.4
166.4
162.9
169.7
170.4
170.6
173.4
169.6
175
173.9
173.3
168
173.9
174
167.4
173.9
164
150.9
172.3
169.9
174
171.7
182.4
163.1
172.8
170.3
178.8
168.8
161
173.1
165.8
170.3
174.6
174.4
180.8
171
170.2
174.5
170
167.3
164
174.8
169.4
170.1
175.7
182.7
181.3
169.2
168.5
176.2
166.5
175.2
173.8
173.6
164.7
171.9
169.4
166.4
174.4
171.9
174.5
176.5
162.4
164
177.8
175
174.4
169.6
171.2
172
173
174
185
167
177
165
175
175
168
165
166
168
178
186.5
173