175.6
171.8
172.3
184.5
163.1
180.8
167.4
167.2
169.3
170.6
171.5
177.3
181.8
171.9
181
171.7
170
176.1
174.4
173.2
169.5
178.8
177.6
183.8
171.8
170.2
175.5
170
169.6
166.7
173
173.8
167.8
170.9
171.8
173.8
174.1
170.6
165
172
184
176
175
179
160
176
182
173
179
177
172
173
183
180
166
179
174
164
170
181
186
168
168
181
173
168
174
169
177
173
170
175.5
167.5
180.8
173.7
163.8
169.5
163.5
170.5
173
176.8
166.7
174.6
171.9
160.2
179.1
175.3
172
184.1
179.1
169
171.6
171.5
168.1
169.5
173.4
177.4
163.3
174.3
180.2
168.2
168.7
176.6
170.3
172.2
172.5
167.2
175.2
182.9
166
167.4
176.1
174.2
173.1
176.8
172.8
167.3
168.6
165.7
176.3
171.1
179.8
179.8
172
175.2
168.2
172.2
171.9
173
171.3
170.8
174.2
160.4
168.6
176.7
174.4
171.9
168.8
167.9
161.1
168.3
174.7
170.5
180.8
165.7
170.6
173.6
168.9
172.9
172
176.4
167.8
168.6
165.7
165.8
183.2
172.4
167.1
175.4
175.6
166.7
173.7
179.9
177.8
171.8
172.5
170.5
180.5
171.9
167.1
167.2
174.7
174.1
178.2
180.1
185
164.6
170.3
176
173.5
170.4
170.6
173.8
170.2
185
172.7
167.9
171.1
168.1
172.6
179.4
184
160.9
177.3
165.8
179.5
173.8
177.4
175.1
177.8
175.5
168.9
178
171.9
164.2
171.8
169.3
173.5
165.5
172.8
180.3
186.5
177.9
177.7
172.6
172.5
177.2
169.5
165.7
173.3
173.4
175.8
164.2
175.5
176.6
175
169.3
172.6
179.8
172.8
173.7
172
170.2
168.3
168.3
172
175.8
185.3
161.2
165.2
174.1
164.6
177
181.8
173.6
173.7
176.7
177.2
169.2
175.5
177.2
171
166.5
165.1
165.5
167.1
168.3
174.8
181.2
170.9
162.4
186.7
176.1
183.4
170.4
176.6
168.4
175
175.8
179.3
169.8
166.7
182
168.5
174.8
178.2
176.5
171.3
177.1
178.2
170
173.2
170.5
174.1
174.2
169.4
179.1
176.9
170.5
177.5
170.2
172.6
172.5
167.6
170.1
174.8
174.2
170.1
174.8
174.2
174.4
176
168.2
174.8
171.9
165.2
177.6
166.9
164.4
157.3
171.1
170.9
165.4
165.5
170.1
169.3
176.3
163.9
173.3
183.8
172.5
167.3
176.2
177
175.7
178.6
176.3
176.2
176.2
162.9
167.9
174.8
171.2
177.3
182.2
181.3
163.6
168.6
170.1
176.3
165.5
182.6
185
171.7
173.6
170.6
165.4
161.9
175.3
171.5
173
173.1
177.1
173.8
176.6
177
171.2
157.6
174.1
166.2
179.2
174
180.2
168.1
165.7
168.8
173.4
180.4
172.6
166
171
174
181
179
183
173
177
174
174
166
177
172
173
164
174
182
184
167
171
173
176
180
178
173
172
175
173
173
174
175
173
169
171
172
180
171
170
175
186
169
175
180
178
162
177
167.1
180.1
170.8
174.8
171
168
178
169
173
175
169.5
183
176.3
178
176
173.6
173
173
170
181
174
173.4
173.4
170.1
180.1
176.5
178.7
172.2
167.5
166.2
176.7
176.5
176.7
178
174
180
176
174
172
173
165
173
173
166.6
173
175.2
163
164
166
187.8
178
168
166
157.7
174
174
168
177
171.1
160
175
165.6
174
170
174
183
163
168.8
177
169.2
164
178
174
165
177
166
172
173
172
170
164
169
180.6
175.2
178
168.9
156.6
162.3
182.7
169.9
156.7
155.1
159.6
156.1
163.8
171.2
169.3
178.2
170.4
168.6
170.4
174.8
179
169.5
167.6
163.2
174.8
177.6
169.1
176.4
170.7
166.4
177.2
175.3
177.1
177.3
181.6
165.3
175.9
169.7
175.9
171.3
171.1
178
180
163.2
173
172
179.5
168.6
158.1
174.2
159
172.7
169.8
167
168.7
180
173.6
172.1
174.4
169.7
171.4
161.3
183.5
169.4
174.2
164.3
177.4
174.2
172.8
170.2
170.5
173.5
170.7
172
169.6
174.4
171.1
175.4
170.4
168.7
172.3
156.7
181.1
171.2
173.6
166.6
171.5
183.1
174.7
163.5
167.7
180
174.3
167.2
179.2
164
178.3
176.5
169.4
176.9
178.9
180.8
176
168.8
161.2
170
180.7
173.6
173.1
166.2
186.8
