176.2
176.2
176.2
176.2
176.2
176.2
176.2
176.2
176.2
176.2
176.2
175.5
172.8
170.2
162.1
172.7
176.3
181.2
164.3
181
179.7
165
176.4
173.2
177.2
173.1
170.9
179.5
171
182.3
181.6
174.2
171.6
176
177.5
184.2
167.2
182.5
174.1
171.2
179.4
173
181
179
166
173
176
182
170
180
176
176
166
173
183
181
179
177
166
176
180
172
176
174
176
170
169
176
175
168
173
170
179
181
183
185
179.6
171.3
173.4
173.8
172.2
171
171.4
169.6
174.8
172
177.1
163.6
172.9
169.7
170.2
165.2
174.8
167.3
172.5
172.1
171.5
177.3
180.6
177.8
172.3
158.3
171.5
174.1
165.9
173.9
176.8
170.2
179.4
175.1
171
170
177
169
180
174
182
179
180
186
175
172
168
181
173
175
174
178
168
174
155
168
177
170
169
172
178
179
171
176
175
174
170
166.6
185.5
170
175.9
173
172.8
170
181.8
174.2
175.5
170
182.9
176
172.3
175
181.9
178.9
175.1
189.1
164.7
184
179
174.9
170.1
173
155.5
181.3
172.8
171.5
164.1
175.1
168.5
194.2
157.7
174.3
178.9
173.4
160.4
172.3
169.1
181
177.3
164
174.9
175.9
167.6
178.4
172.1
173.8
168.8
169.9
182.2
178
173
168.2
178.4
173.8
170.3
164.3
177.6
179.3
180.1
167.3
168.6
170.9
169.1
182.4
161.5
168.2
174.1
166.5
176.3
172.9
170.1
174
175.3
170.5
179.1
164.9
170.1
175.6
165.8
183
169.7
170.7
178.6
184.2
175.4
168.9
172.5
180.3
178
177.6
181.8
175.8
178.8
168.9
171.8
172.5
161.2
169.4
167.6
169.2
175.6
168.9
176.4
173.9
171.5
184.5
171.9
174.4
176.1
172.4
167.8
167.3
173.6
166.8
182.6
167.7
177.5
185.3
170.2
173.1
174.9
165
167.7
178.4
168.1
166.5
176.1
182.1
162.4
168.3
170.4
178.7
171.5
179.6
183.9
174.2
178.1
174.1
174.8
176.2
168.7
165.2
164.6
181.9
171.4
182.4
170.2
181.9
165.2
164.6
181.9
171.4
182.4
170.2
171.9
178.5
164.7
176.4
173.7
167.4
168.2
178.7
173
173.2
175
175.3
183.3
169.4
166.4
173.8
188.6
172.7
173.8
171.1
171.3
171.5
177.3
180.3
164.6
180
166.9
171.7
185.4
174.9
172.5
158.3
157.6
181
173
172.1
175.3
171.4
178.7
177.9
177.1
175.4
173
178
164.4
179.2
178
173.3
176.5
178.3
176.6
164.9
162.4
166.5
162.2
170.1
177.3
174.6
165.3
167.1
160.4
174
173.3
165.6
163.8
174
177.3
176
167.8
168.6
178.7
170.3
175.7
185
172.4
169.6
168.6
165.7
169.4
174
166
184
170.6
178.2
172
177.7
178.7
177.5
180.7
183.5
191.5
171.8
182.1
167.2
188.6
176.2
173.7
176.9
172.9
178
176.9
173.3
176
177
176.5
180.8
184.5
168.8
176.6
177
171.5
174.6
173.3
178.7
177
177.1
180.3
169.6
176.6
188.7
172.6
169.6
176.1
177.3
176.5
165.5
172.2
184
177.2
161.1
174.4
168.7
173.5
168.7
170.4
182.7
175.7
172.2
173.4
169.5
170
179.8
176.3
163.6
183.9
182
172.1
184.3
168.1
167.3
179
166.3
183.8
177.5
189
177
170.3
176
176
173.5
170
176
167
166
178
175.3
168.7
184
174
168
174
169
162
159
166
170
175
170
177
164
176.9
175.9
176.3
176
184
173
177.8
177.7
163.1
172.1
175
177.4
165.6
165.6
177.4
167.2
171.7
167.5
175.2
181.1
170.5
170.5
167
173.2
165.9
165.9
189.4
185.5
184.4
189.6
152.2
173.7
172.4
172
178.5
167.4
168.1
176.1
166.5
172.5
170.7
159.6
170.8
166.8
183.1
177.8
169.3
180.3
165.7
182
178.4
173.5
175.4
172.5
161.1
176.9
178.8
174.7
168.6
167.6
172
172.6
171
170.4
167.8
166.9
169.1
181.6
171.1
180.9
169.3
170.8
165.5
173.2
182.3
164.5
179.5
166.6
170.4
171.9
163.8
167.9
172.8
167.8
160.2
165.9
170.6
175.5
181
176.1
174.1
169.5